batch_size: 32
epochs: 20
learning_rage: 0.01
optimizer: <keras.optimizers.Adam object at 0x0000014694815E80>
Test loss: 0.646868265729182
Total: 67.60


Accuracy: 0.86475
Loss: 0.3200477654933929
