batch_size: 32
epochs: 20
learning_rage: 0.1
optimizer: <keras.optimizers.Adam object at 0x000002018E846D68>
Test loss: 0.811819539497492
Total: 68.65


Accuracy: 0.942625
Loss: 0.15523120477795602
