batch_size: 32
epochs: 20
learning_rage: 0.01
optimizer: <keras.optimizers.Adam object at 0x0000021989FC14E0>
Test loss: 0.7026824361330312
Total: 71.42


Accuracy: 0.918125
Loss: 0.20460418658703566
