batch_size: 32
epochs: 20
learning_rage: 0.01
optimizer: <keras.optimizers.Adam object at 0x0000020133B03F28>
Test loss: 1.265180794164191
Total: 71.37


Accuracy: 0.9835
Loss: 0.04749982027942315
