batch_size: 32
epochs: 20
learning_rage: 1
optimizer: <keras.optimizers.Adam object at 0x00000214152E6A90>
Test loss: 0.7423616186068769
Total: 73.41


Accuracy: 0.950875
Loss: 0.1372599151879549
