batch_size: 32
epochs: 20
learning_rage: 0.01
optimizer: <keras.optimizers.Adadelta object at 0x00000282075AF550>
Test loss: 1.6667989821568099
Total: 71.94


Accuracy: 0.996125
Loss: 0.01072175358979439
