batch_size: 32
epochs: 20
learning_rage: 1
optimizer: <keras.optimizers.Nadam object at 0x000002ED9C306AC8>
Test loss: 0.8415756415564264
Total: 74.49


Accuracy: 0.95
Loss: 0.12895581982284784
