batch_size: 32
epochs: 20
learning_rage: 0.01
optimizer: <keras.optimizers.Adam object at 0x0000028B43CC21D0>
Test loss: 0.5350533894000907
Total: 77.76
Accuracy: [0.574625, 0.649375, 0.68925, 0.71225, 0.734125, 0.750125, 0.766625, 0.777125, 0.79125, 0.80325, 0.808875, 0.829375, 0.83375, 0.846375, 0.860125, 0.877375, 0.883125, 0.8835, 0.899, 0.906375]
Loss: [0.6750527381896972, 0.6256835844516754, 0.5881614478826522, 0.5582242836952209, 0.5273072440624237, 0.5009616277813912, 0.47589951318502427, 0.45493323892354964, 0.43310752320289614, 0.4165880522727966, 0.4001154464483261, 0.3696562530398369, 0.36021896097064016, 0.343351598739624, 0.3174797321856022, 0.2866296277344227, 0.27926913848519325, 0.26872545754909516, 0.23944521018862724, 0.2292214128524065]
