batch_size: 32
epochs: 20
learning_rage: 1
optimizer: <keras.optimizers.Adam object at 0x0000019700076B00>
Test loss: 0.8433316379218816
Total: 72.05


Accuracy: 0.943875
Loss: 0.13995006263256074
