batch_size: 32
epochs: 20
learning_rage: 0.1
optimizer: <keras.optimizers.Adamax object at 0x0000023050527A58>
Test loss: 0.5473117888506311
Total: 73.57


Accuracy: 0.88725
Loss: 0.27222884324193003
