batch_size: 32
epochs: 20
learning_rage: 1
optimizer: <keras.optimizers.Adam object at 0x000002215682BEB8>
Test loss: 0.6021624843737883
Total: 70.55


Accuracy: 0.903
Loss: 0.23359165541827678
