batch_size: 32
epochs: 20
learning_rage: 0.01
optimizer: <keras.optimizers.Adam object at 0x000001BB39E1EB38>
Test loss: 0.6083575541977423
Total: 69.79


Accuracy: 0.948125
Loss: 0.13936758160591126
