batch_size: 32
epochs: 20
learning_rage: 1
optimizer: <keras.optimizers.Adam object at 0x000001F98017F898>
Test loss: 0.67087613516551
Total: 69.68


Accuracy: 0.879375
Loss: 0.28238982021808623
