batch_size: 32
epochs: 20
learning_rage: 0.01
optimizer: <keras.optimizers.Adadelta object at 0x000001BE0006A780>
Test loss: 1.7359491760038313
Total: 70.64


Accuracy: 0.996625
Loss: 0.009602921647801849
