batch_size: 32
epochs: 20
learning_rage: 0.01
optimizer: <keras.optimizers.Adam object at 0x000001FA8102FC50>
Test loss: 0.5059607037921092
Total: 79.38
Accuracy: 0.90125
Loss: 0.23508068405091762
